FFT OUTPUT start
0.00
0.06
0.01
0.06
0.01
0.10
0.02
0.02
0.02
0.04
0.14
0.11
0.09
0.05
0.04
0.06
0.05
0.11
0.04
0.04
0.06
0.03
0.04
0.07
0.07
0.11
0.16
0.48
1.00
0.31
0.11
0.14
0.05
0.13
0.06
0.01
0.01
0.05
0.08
0.05
0.04
0.06
0.04
0.06
0.04
0.37
0.03
0.03
0.03
0.02
0.06
0.03
0.07
0.02
0.04
0.07
0.06
0.06
0.02
0.05
0.04
0.08
0.10
0.03
0.04
0.08
0.10
0.03
0.05
0.05
0.04
0.02
0.03
0.06
0.10
0.11
0.09
0.06
0.05
0.05
0.06
0.07
0.06
0.05
0.04
0.04
0.05
0.06
0.09
0.14
0.27
0.50
0.61
0.43
0.21
0.12
0.10
0.09
0.06
0.03
0.03
0.05
0.06
0.06
0.05
0.05
0.05
0.07
0.12
0.17
0.11
0.05
0.03
0.04
0.04
0.05
0.04
0.04
0.04
0.06
0.06
0.05
0.04
0.04
0.00
0.00
0.00
0.00
FFT OUTPUT end
calibration 1
FFT OUTPUT start
0.00
0.55
0.30
0.10
0.13
0.08
0.20
0.16
0.15
0.05
0.15
0.14
0.19
0.14
0.09
0.10
0.17
0.05
0.09
0.04
0.18
0.03
0.10
0.16
0.08
0.03
0.59
0.31
1.00
0.83
0.19
0.11
0.38
0.26
0.24
0.09
0.05
0.11
0.12
0.21
0.11
0.11
0.07
0.13
0.14
0.42
0.13
0.23
0.19
0.15
0.07
0.02
0.19
0.07
0.15
0.21
0.14
0.03
0.08
0.02
0.03
0.11
0.12
0.31
0.03
0.11
0.12
0.31
0.13
0.13
0.16
0.16
0.13
0.11
0.12
0.15
0.16
0.14
0.11
0.11
0.11
0.09
0.08
0.09
0.10
0.09
0.10
0.11
0.12
0.20
0.38
0.56
0.72
0.65
0.38
0.24
0.27
0.27
0.20
0.13
0.09
0.10
0.13
0.15
0.13
0.11
0.10
0.14
0.20
0.25
0.23
0.20
0.18
0.14
0.09
0.08
0.11
0.12
0.14
0.16
0.12
0.08
0.06
0.04
0.00
0.00
0.00
0.00
FFT OUTPUT end
calibration 2
FFT OUTPUT start
0.00
0.52
0.08
0.27
0.16
0.32
0.41
0.37
0.26
0.25
0.20
0.11
0.21
0.07
0.14
0.12
0.12
0.34
0.15
0.05
0.04
0.07
0.22
0.22
0.14
0.17
0.26
0.62
1.00
0.68
0.26
0.25
0.13
0.08
0.07
0.34
0.21
0.14
0.07
0.31
0.08
0.33
0.18
0.14
0.36
0.19
0.24
0.03
0.18
0.13
0.11
0.10
0.04
0.17
0.23
0.16
0.25
0.18
0.13
0.09
0.22
0.14
0.07
0.23
0.22
0.14
0.07
0.23
0.24
0.30
0.36
0.34
0.29
0.24
0.19
0.16
0.15
0.13
0.12
0.13
0.17
0.21
0.17
0.09
0.07
0.11
0.17
0.19
0.18
0.22
0.36
0.60
0.74
0.63
0.40
0.24
0.16
0.12
0.15
0.22
0.21
0.16
0.15
0.19
0.20
0.22
0.21
0.22
0.25
0.24
0.18
0.14
0.13
0.13
0.11
0.10
0.10
0.15
0.19
0.20
0.20
0.18
0.14
0.14
0.00
0.00
0.00
0.00
FFT OUTPUT end
calibration 3 start
0.13
0.12
0.09
0.20
0.16
0.20
0.23
0.22
0.18
0.16
0.15
0.14
0.14
0.11
0.10
0.11
0.13
0.15
0.12
0.08
0.07
0.09
0.12
0.14
0.14
0.19
0.34
0.56
0.70
0.58
0.35
0.21
0.17
0.15
0.14
0.15
0.13
0.12
0.13
0.14
0.15
0.15
0.15
0.16
0.21
0.22
0.18
0.13
0.12
0.11
0.09
0.08
0.09
0.11
0.14
0.15
0.15
0.12
0.10
0.09
0.00
0.00
0.00
0.00
calibration 3 end