FFT OUTPUT start
0.00
814.88
536.45
722.18
1791.48
941.63
2284.62
1321.17
102.57
811.09
2885.62
6370.16
2215.86
2942.39
1672.50
1491.49
913.67
2270.84
925.56
806.17
992.13
2501.82
2536.55
3454.11
3638.53
5182.10
7681.05
15792.01
34521.79
6406.34
3722.30
3564.13
3963.33
4002.41
6135.34
2734.04
2734.44
2232.23
1598.72
3163.09
2104.77
1630.10
1803.21
1342.78
3465.58
11492.60
663.70
849.37
1128.66
515.15
1413.17
1465.32
2258.79
1804.47
1871.40
2724.63
2297.17
1321.81
851.48
1054.98
948.23
36.22
5038.25
987.91
FFT OUTPUT end
FFT OUTPUT start
0.00
205.31
526.94
621.66
911.57
1310.21
2553.71
1465.42
884.55
1118.93
2926.86
5964.67
1470.06
290.61
480.18
451.98
151.44
2802.58
678.01
728.02
934.72
1286.82
2266.06
2484.09
2381.10
3064.32
4857.08
12613.21
37329.32
8228.38
4424.40
3153.41
2492.48
2522.52
4282.31
1510.88
1850.99
1908.44
3426.26
932.74
1032.63
1401.31
1716.75
2693.66
4168.12
11402.37
1404.18
703.82
536.64
1606.53
641.05
2045.05
271.81
569.88
968.10
2374.30
1810.81
796.76
468.90
309.44
1567.25
1219.60
3976.03
562.03
FFT OUTPUT end
FFT OUTPUT start
0.00
83.39
523.39
463.62
209.99
1280.26
1127.07
2894.82
860.50
1800.13
2942.66
4631.65
2903.27
1847.88
1499.35
1294.45
1817.78
1423.73
2102.18
1457.56
652.98
3019.52
1289.83
871.18
1546.06
4419.01
4377.34
22021.74
29361.40
14082.60
5539.22
6106.91
4895.28
3060.82
6581.48
1771.20
3131.23
2174.51
2666.24
1935.62
1940.47
1764.68
1944.87
2534.93
5949.21
7588.63
5740.12
1486.82
2817.05
292.39
773.99
987.04
1690.63
780.90
830.75
2769.67
701.61
1013.49
600.66
748.67
1654.18
2311.75
3663.21
1201.60
FFT OUTPUT end
FFT OUTPUT start
0.00
533.99
588.33
219.53
1553.54
1018.32
2093.28
1663.22
645.85
714.39
2424.86
6658.34
2285.45
1107.30
1383.82
1427.71
1183.78
2539.26
1407.89
1464.35
1965.96
3410.05
1465.95
2162.58
2668.29
3942.36
5640.30
13521.97
36559.80
7677.43
3777.15
3059.61
2319.32
1806.58
2617.62
1449.35
1386.06
1506.40
3040.81
1132.56
453.83
163.32
330.21
1444.23
2752.59
12695.20
2308.65
1489.50
894.75
1631.72
1040.42
2631.99
489.42
155.52
355.70
1817.03
2754.04
1505.73
1320.62
1112.11
1983.52
1666.76
3604.84
790.63
FFT OUTPUT end
FFT OUTPUT start
0.00
2391.62
1736.79
1190.54
1369.74
1431.10
2728.75
2470.06
1973.18
1515.59
982.19
7806.30
3201.39
1894.85
1738.67
1814.55
2011.19
2267.07
2134.63
1888.76
1542.26
44.63
3383.56
3420.07
2290.08
4091.65
6350.76
15158.78
34287.62
5552.47
3860.72
4616.59
4795.76
5344.48
6189.65
3775.75
2662.26
1255.77
1956.66
880.03
966.03
1823.40
1795.85
3387.19
4584.53
10610.83
1111.97
2118.20
2879.15
1268.23
3053.71
4299.93
1275.42
1021.73
894.06
2543.38
1712.70
852.23
1359.89
1574.32
676.46
205.71
4669.52
290.21
FFT OUTPUT end
FFT OUTPUT start
0.00
1271.57
1401.20
1407.35
2354.06
134.29
1889.92
2871.68
731.31
2050.91
3348.66
5677.36
632.90
1627.27
336.76
569.69
1121.77
647.22
2654.92
1032.06
250.29
1497.00
2514.09
606.02
3911.93
2727.63
5851.82
22630.82
28940.96
13682.95
7367.80
3972.66
4645.50
2198.21
2224.95
3251.81
1860.58
3542.97
1174.04
1966.80
1724.71
413.83
2345.45
963.80
6711.48
7643.10
6193.43
2375.95
1833.82
2905.49
380.88
2834.13
1728.69
831.94
1295.34
2467.11
958.78
1384.06
809.78
1382.91
724.88
1047.84
4379.33
1320.68
FFT OUTPUT end
FFT OUTPUT start
0.00
1165.91
1128.22
1284.94
2449.05
865.95
3141.81
720.98
360.77
1266.03
2891.03
6260.20
1299.59
1922.17
1004.60
744.52
687.06
1944.11
1575.58
1418.27
1793.86
3032.10
846.08
2768.10
1787.80
2970.92
5675.92
12948.19
37011.45
7595.82
4946.56
3115.19
1733.99
2357.72
1432.47
1613.71
1597.59
1368.86
2521.17
1977.77
806.48
1431.24
1631.40
1189.80
3586.90
12255.44
2195.19
956.58
951.83
2438.58
127.59
1623.38
904.21
657.77
1014.81
2049.13
1485.27
616.27
378.76
516.99
1072.48
538.12
5023.14
1154.10
FFT OUTPUT end
FFT OUTPUT start
0.00
2726.98
393.34
1487.14
298.96
2401.17
874.61
3036.04
1960.66
2389.91
4672.09
735.15
3457.71
2343.63
3579.20
4023.14
3384.71
1193.34
334.19
4027.92
3257.86
4859.90
3166.93
1739.48
5768.86
664.62
10084.48
12902.04
30712.07
13429.16
4640.02
7716.27
5472.47
6189.55
3999.13
473.72
3715.29
1344.95
5669.90
611.18
936.96
1916.65
505.02
1782.91
1349.86
12151.78
1446.60
1052.30
909.38
1693.39
414.85
1348.99
2539.20
964.90
1307.52
3437.14
1341.86
2894.30
1472.64
3442.08
871.59
3310.79
2516.99
525.47
FFT OUTPUT end
FFT OUTPUT start
0.00
552.15
1833.41
1883.73
914.73
2116.14
3084.13
1027.51
478.97
851.35
4206.63
1754.25
4665.14
2581.50
1252.44
2163.92
1880.46
2528.08
485.84
2988.76
2325.89
3294.81
5902.65
2813.49
5982.28
2030.88
9330.62
12861.90
29337.20
15722.04
7221.81
5702.98
7336.05
1502.62
5747.07
2373.04
3908.39
2094.58
3098.46
1946.23
322.14
959.39
1230.16
2938.02
4187.70
11443.19
1627.72
2605.06
3354.39
1801.36
1887.46
2659.61
1850.03
988.23
1594.40
1122.84
1583.59
2040.37
1939.27
1780.13
942.98
4081.35
883.91
3444.83
FFT OUTPUT end
FFT OUTPUT start
0.00
9019.85
7328.76
8226.20
5189.56
4859.13
2865.97
671.35
1219.23
1079.58
6141.42
2714.42
2648.18
1315.99
1538.47
445.57
1617.23
2580.79
2105.28
788.84
1882.67
2859.63
1891.51
2047.25
3963.40
3299.59
9831.14
11775.57
29071.25
15421.33
1974.84
8337.56
3708.44
4284.00
1955.19
2748.39
2214.54
2530.47
2117.46
3925.88
738.26
3271.64
486.43
3042.83
823.36
11064.27
1118.36
1820.59
722.20
1630.01
1374.21
633.94
3761.23
148.26
1564.94
3259.46
2098.47
677.11
353.77
2358.71
430.87
1768.89
1896.74
1928.32
FFT OUTPUT end