FFT OUTPUT start
0.00
1082.86
1606.43
1112.89
1644.07
2924.60
674.72
1853.41
328.12
1266.36
3848.94
3223.40
4453.02
417.63
1669.45
1870.00
2783.38
2687.35
2010.85
3052.26
3100.98
4857.29
3589.38
2158.22
5406.42
885.91
8057.48
11940.01
33460.01
12720.42
5580.07
4912.80
4957.67
4181.52
3683.48
590.36
4444.95
547.16
2558.26
1508.61
3334.68
1863.63
2386.16
3480.98
1096.04
11613.82
514.67
283.15
1137.54
1431.17
2056.31
710.91
1841.43
1301.49
635.88
3195.10
2102.45
1235.87
398.85
2211.51
546.64
1279.69
3981.00
1049.25
FFT OUTPUT end
FFT OUTPUT start
0.00
629.66
1987.58
1060.17
3021.53
1828.66
2208.11
3034.73
232.20
1291.12
5953.36
447.58
3259.58
2730.20
2619.82
1947.08
2437.80
1765.22
3155.04
1256.66
1475.24
3309.05
3925.34
5668.70
6587.21
3760.93
12306.12
11188.43
28120.73
15840.41
9500.00
5812.90
8128.31
1315.44
5649.96
2163.21
2485.10
1441.45
3239.56
2032.65
1561.01
385.04
2044.13
2099.40
2989.84
11695.42
2678.80
430.47
1912.58
207.37
1529.39
1466.28
454.55
1353.83
1577.08
2566.42
2475.92
277.07
2505.64
1623.59
511.43
3951.46
1596.23
2170.64
FFT OUTPUT end
FFT OUTPUT start
0.00
495.42
407.54
786.15
658.52
1903.07
1432.13
2253.48
1120.94
2250.44
3226.82
1427.10
4788.88
1977.73
1715.15
1294.39
455.91
2925.70
804.84
2775.72
3395.59
2626.44
4830.19
1067.29
3333.01
8444.49
15353.50
1033.50
26344.80
17709.73
14846.45
2368.66
4918.92
3244.59
5474.32
2229.92
3698.25
2048.72
2947.85
1254.01
3365.70
2349.31
1396.41
820.52
4558.28
12896.08
1377.84
612.99
2589.43
2124.66
1895.11
2837.60
478.94
541.60
1874.50
1784.30
1202.34
1495.10
1169.32
2393.61
2931.45
2675.27
1969.01
1471.56
FFT OUTPUT end
FFT OUTPUT start
0.00
1496.85
1599.08
1208.15
1662.80
2682.49
1858.75
1797.14
466.64
1523.27
4269.83
1819.38
4293.24
2119.83
1099.18
1204.73
1480.05
1909.52
526.54
2962.10
2670.30
4406.87
4790.25
5510.56
7089.94
3059.43
11019.49
10995.98
29676.62
15646.08
7408.07
6879.60
6357.18
2922.42
5234.48
1700.36
3379.72
694.63
4190.09
2288.76
1384.51
1027.74
1703.70
1492.65
1216.05
12511.90
2633.36
1295.51
1242.29
786.79
2319.90
1023.83
1228.42
878.84
1928.02
1764.44
471.46
1911.96
905.07
1800.73
2008.01
3622.81
1914.80
1222.03
FFT OUTPUT end
FFT OUTPUT start
0.00
17630.32
9974.29
4650.59
1327.06
4918.35
2792.71
2175.08
2642.41
2860.38
1507.87
1646.73
3113.10
1961.74
2173.80
1890.87
2336.50
2571.34
433.49
2592.39
1069.50
933.69
3006.31
2083.71
2703.93
2651.67
12321.19
7626.02
23310.15
18697.01
4635.81
4748.18
3952.23
4745.86
2412.25
1570.95
1856.41
902.87
4586.87
1814.26
1716.31
2213.89
1013.09
2115.78
4158.92
9328.16
2773.56
2650.02
298.39
1638.86
2014.75
349.85
2553.50
2177.59
1900.05
1442.39
2673.27
1079.07
2268.52
1691.65
1333.33
2933.41
2628.49
2407.45
FFT OUTPUT end
FFT OUTPUT start
0.00
4967.08
4874.46
4818.80
3959.88
5787.40
3514.65
2699.29
1957.03
3892.01
4368.37
1404.92
3714.93
2458.39
2614.30
3512.23
3198.09
2318.89
931.58
3344.30
2812.10
1599.17
2197.22
3379.55
3863.73
7307.09
14473.15
2503.43
24626.01
18418.12
15149.37
2099.36
2543.13
3498.25
4759.11
2487.90
1736.56
995.05
1277.31
2364.29
1832.12
572.59
2484.87
2021.12
2145.71
13099.43
12.75
1047.90
975.60
1247.81
646.43
1817.65
3367.47
3260.01
946.58
2594.37
1661.14
2651.36
1623.09
768.77
1950.79
999.10
3024.74
1999.87
FFT OUTPUT end
FFT OUTPUT start
0.00
2292.93
3012.16
3418.31
4793.40
2313.68
2495.40
5002.81
987.47
3218.90
4525.02
4359.26
2811.35
1724.73
1834.08
1367.76
1738.39
3430.18
1166.04
4107.77
1641.26
2573.74
2533.70
3640.00
5084.87
5617.44
12885.96
7644.26
27389.16
15489.16
11492.41
5879.48
8879.73
4123.88
2481.09
2756.51
973.43
1697.49
5037.16
1224.82
2040.78
1240.57
1052.79
692.22
673.94
13208.27
882.64
966.41
1187.08
1554.32
1231.45
1015.13
3036.77
841.28
452.61
1669.60
1397.81
2568.24
2582.43
699.51
3802.01
1975.32
3037.23
874.93
FFT OUTPUT end
FFT OUTPUT start
0.00
15356.56
10980.78
4808.58
292.11
4304.58
3979.58
1637.24
1896.40
2041.32
4867.92
2824.39
3856.97
1695.96
549.55
746.37
1871.46
772.65
715.03
1277.85
835.08
799.25
1578.09
1699.08
3262.66
4698.35
10477.13
7025.79
24819.13
17974.57
6922.34
3305.32
1846.99
7271.31
1027.21
1686.64
1431.24
3884.40
1486.48
2054.64
656.15
1826.00
2153.92
3659.84
1145.09
10657.68
2307.28
1984.04
2228.37
177.73
2352.56
1647.08
2421.90
1015.60
1438.33
2635.56
2153.50
372.63
244.82
1664.99
812.58
1224.98
3384.38
1827.32
FFT OUTPUT end
FFT OUTPUT start
0.00
5301.27
3277.96
4795.37
3539.86
3446.13
2712.42
809.41
4668.95
3500.11
5237.29
2682.44
3280.99
2096.05
621.94
985.56
3083.24
2313.57
1258.13
1180.56
2162.13
1038.40
564.02
4319.07
4176.06
6790.00
16190.66
6637.68
25064.19
16887.47
12845.92
6110.76
3991.51
1490.38
2404.41
6222.96
2581.25
4391.50
3865.74
3166.03
1565.08
4474.61
675.40
2474.35
898.26
10628.27
937.05
1558.43
948.07
676.34
416.40
766.26
2667.35
884.50
674.08
2882.84
330.35
2787.42
1486.10
965.37
2374.47
2897.61
1227.75
744.38
FFT OUTPUT end
FFT OUTPUT start
0.00
524.66
712.17
494.40
1326.75
2176.55
1718.20
1350.67
494.98
624.03
5718.34
1727.76
3268.63
2143.73
2326.29
1323.09
3735.08
629.23
589.08
3113.11
2499.61
2917.31
4310.07
3198.07
4571.04
2609.00
8398.80
13186.71
30494.23
14904.47
4660.97
7045.83
6003.94
3587.48
5996.79
3963.54
5698.47
2254.15
7255.19
1902.56
2168.29
2841.38
968.00
3349.60
2151.85
11183.95
2123.74
1239.17
416.26
1478.49
1876.07
117.57
1941.90
2962.62
853.39
4913.07
2563.56
946.79
1686.41
1997.89
2174.83
3792.54
1325.95
1538.38
FFT OUTPUT end