FFT OUTPUT start
0.00
5735.09
7569.20
3584.76
2268.10
7084.62
4426.87
6533.05
3195.49
997.93
2088.84
2626.27
2364.51
4047.59
2430.48
4925.69
3509.26
7787.76
7843.54
2557.23
5381.59
4448.51
8593.84
11405.64
3070.94
5784.09
2392.39
4789.70
3007.03
8497.44
1582.08
1169.53
3292.01
7039.50
2538.60
8628.37
6600.31
5341.69
10312.44
827.80
7180.29
9157.17
8265.14
7307.70
2105.51
4282.52
2107.50
9131.88
4792.73
5642.43
2639.86
6976.32
5985.27
1646.29
2756.86
6473.77
3033.14
6470.13
4880.47
3694.40
4345.96
1399.91
4291.67
1492.27
FFT OUTPUT end
FFT OUTPUT start
0.00
21956.85
8825.72
1862.09
2748.27
5589.95
1305.14
3600.26
1833.19
5269.92
2702.98
4067.36
1842.63
1434.19
3154.79
2976.67
2546.42
2811.48
2004.09
5586.41
1112.98
808.05
8637.44
5010.76
4685.72
4991.19
5649.22
4189.30
2774.01
7481.96
4152.43
4706.25
4017.62
2986.06
5560.83
6247.43
4060.02
1876.44
4156.73
4225.19
2307.31
7936.65
777.60
6987.60
244.81
6873.09
2834.09
5169.92
3868.22
3697.07
4162.35
4674.95
2354.82
2038.98
4592.54
5655.50
6085.46
4169.31
5644.81
7080.60
8355.08
4256.50
2258.81
797.04
FFT OUTPUT end
FFT OUTPUT start
0.00
5370.49
3168.90
1816.14
5628.86
1541.42
2613.16
4311.22
4444.65
6613.26
4930.47
6539.31
1233.52
3948.43
4419.93
3431.55
2274.99
5849.75
2225.12
3765.13
2291.72
3618.00
4635.58
5538.23
2768.72
8530.98
5241.70
6785.83
3186.06
11234.28
2576.01
1384.59
7622.41
6562.21
2356.56
7726.84
330.23
8225.96
3170.97
5734.34
7431.55
10101.96
6560.43
11864.27
11127.16
4829.39
6290.08
4737.38
3053.08
3594.82
5720.08
1243.29
4818.96
2662.98
2003.60
2329.56
7962.74
6923.61
2738.16
924.41
439.83
601.78
2939.40
3579.32
FFT OUTPUT end
FFT OUTPUT start
0.00
4299.27
5900.12
5297.01
5293.54
1103.15
1985.13
5147.32
4659.81
3949.32
3375.92
1885.91
1497.21
3188.98
7128.66
2523.51
1321.64
3413.21
4520.73
4074.60
1916.98
5900.74
5977.01
3093.46
7603.86
8147.53
5016.06
7150.40
1857.13
1659.43
6977.55
3067.09
6990.79
3955.68
4982.29
10287.22
6748.07
4164.95
2205.56
19209.64
3767.23
10761.73
5577.21
3750.31
4813.72
8977.19
3882.99
3912.56
4869.09
1690.22
2807.82
2179.22
3654.49
6039.22
4638.72
1784.86
3859.63
1482.84
4087.34
3383.60
4436.25
1976.41
755.99
2526.69
FFT OUTPUT end
FFT OUTPUT start
0.00
3615.16
3532.63
1364.69
4369.03
2488.22
2795.62
1015.02
3935.68
4849.78
2376.34
2048.92
2739.08
2561.53
2533.79
4091.92
3729.15
1848.54
775.60
733.61
1522.71
4387.33
11967.48
6962.76
5959.83
5147.56
5108.52
2325.72
3919.77
3256.68
8194.85
2674.48
8438.75
15332.69
6006.62
2842.35
5225.73
7726.58
5859.14
11693.03
8130.23
5693.42
9328.40
4775.23
7197.40
4481.85
11207.81
856.81
2389.10
1297.27
5776.43
2424.23
4324.51
7207.26
4325.92
5203.43
929.95
2569.42
3127.00
2493.97
2283.46
2316.61
2309.38
772.65
FFT OUTPUT end
FFT OUTPUT start
0.00
39570.44
12206.39
8169.15
9883.01
31.51
6599.85
3474.80
3073.01
4388.28
47.78
3601.08
2022.55
1894.22
2819.55
66.86
2475.43
1429.01
1367.55
2078.52
87.27
1885.07
1110.98
1067.25
1649.12
108.66
1521.44
917.69
871.76
1371.53
131.03
1275.21
793.00
733.23
1180.29
154.49
1097.99
711.43
629.06
1043.88
179.25
965.19
659.88
547.14
945.51
205.56
863.16
630.96
480.46
875.68
233.79
783.88
620.28
424.62
828.85
264.36
722.56
625.16
376.78
801.84
297.84
676.42
644.07
334.98
FFT OUTPUT end
FFT OUTPUT start
0.00
10865.36
8240.61
6466.24
5055.98
757.32
2354.09
2198.73
3791.69
1433.75
2032.74
3628.16
9398.05
1229.83
2379.91
5145.86
3389.34
6436.10
6080.23
7274.15
5035.65
4388.50
3781.95
2749.91
2528.04
4509.39
3677.97
2316.86
936.76
3730.80
4028.28
4353.13
3873.68
10468.84
3680.33
3932.97
6199.14
3442.94
2225.31
3131.39
6390.02
2111.59
1140.25
2150.05
875.08
2948.60
3474.34
3355.02
10346.96
2239.89
5222.42
1348.35
3245.58
8473.46
2391.18
3106.37
2225.83
3284.23
6223.15
5525.34
5256.96
8376.29
7249.81
17307.96
FFT OUTPUT end
FFT OUTPUT start
0.00
2066.40
8354.60
3292.16
3464.17
3654.11
7269.48
5810.43
11494.24
1491.20
4279.00
4585.98
1004.52
1406.31
2793.14
3775.08
3548.61
5254.71
4376.96
2775.39
5838.92
4101.01
3605.43
4578.02
6419.63
4690.71
4571.92
2755.77
5440.08
2996.26
9143.79
4645.33
8198.95
6530.29
2077.19
4320.62
3590.14
6677.72
3370.37
3587.13
2979.27
5941.99
4383.13
8361.76
2222.97
1075.08
3091.54
3890.50
1125.08
4188.73
3076.87
3629.93
2583.04
9334.05
6628.35
2662.61
3365.91
2661.31
4116.22
3579.70
5319.01
9512.41
6467.38
8834.76
FFT OUTPUT end
FFT OUTPUT start
0.00
11518.07
13106.97
7456.21
4021.54
1459.52
3963.34
5618.40
3153.33
7259.20
3288.56
4185.82
3499.58
3886.62
4074.32
6547.03
5560.30
3201.65
947.18
8461.30
5371.23
294.11
1994.84
4140.99
7859.67
1612.18
1514.45
4284.57
1375.71
6933.78
3743.69
3540.99
2503.90
2350.91
10132.77
1637.28
3220.07
1558.18
3171.81
3239.98
7157.26
5373.75
4476.60
2934.94
1131.48
7898.01
3183.15
4712.67
2465.81
2584.12
3181.23
8233.46
6657.10
4169.33
8624.91
5768.28
3575.74
8678.12
2544.46
4754.07
6685.20
2772.87
3490.15
949.21
FFT OUTPUT end
FFT OUTPUT start
0.00
21722.29
17553.77
10458.79
5385.51
6296.61
4292.69
2312.39
3154.21
4478.65
3194.00
2393.62
945.99
1963.85
1242.98
3689.22
3180.49
1047.72
4880.96
3749.88
999.48
2834.46
769.40
1967.43
1896.31
2040.66
5188.57
8051.90
4080.18
2605.61
2949.15
2443.66
3896.11
3309.77
3837.46
3142.77
9096.04
4811.62
3385.87
7285.32
3900.61
9742.81
8044.85
1573.25
3745.53
10105.87
7498.10
3591.36
3943.78
1109.74
2328.76
4549.72
3455.09
3863.86
2251.78
782.86
5720.97
4795.46
759.33
4522.92
2256.61
1245.97
1748.05
2993.83
FFT OUTPUT end
FFT OUTPUT start
0.00
1294.43
2815.86
3817.66
4013.89
4549.75
2059.38
3282.61
2729.59
3819.38
1245.35
1641.35
7039.35
2704.47
4793.96
2778.55
4234.43
4497.00
2085.14
4795.37
4170.56
1744.90
2771.59
3913.12
5207.47
1366.93
6794.17
9582.26
2824.54
8873.10
1253.38
6934.82
4344.71
4072.31
4191.80
7354.97
4494.70
11321.85
12656.73
1970.36
12705.72
10014.50
8597.72
9904.36
3346.37
3782.45
7255.79
1036.78
2841.06
2879.83
1890.84
2877.90
5112.17
7552.62
5265.20
2166.08
2654.52
5396.87
6448.63
173.44
3811.95
4733.35
4628.42
2275.54
FFT OUTPUT end
FFT OUTPUT start
0.00
5405.77
116.18
2607.28
6498.39
1580.30
5420.29
3844.57
3537.05
5640.70
3007.81
4192.89
6486.16
6029.16
4309.10
3326.58
4156.57
2670.50
1098.91
3457.54
3475.83
1559.94
1980.78
4509.39
4439.50
5679.02
5150.47
9799.66
9233.32
3193.40
2249.57
7590.43
5702.57
6371.50
3631.93
3727.22
4601.82
7280.39
2549.53
4553.74
6312.86
11899.09
5442.22
3039.88
14530.24
4660.14
7692.18
5870.20
3406.31
5200.60
6486.37
4616.23
5774.62
5632.36
4346.74
2680.61
8539.80
4122.22
6304.00
4211.81
985.05
2237.67
4539.40
3214.22
FFT OUTPUT end
FFT OUTPUT start
0.00
3452.76
6914.42
1004.83
5119.63
4000.47
2402.86
1745.53
5565.23
1064.88
5319.35
4934.61
2204.95
3512.22
8083.34
3069.16
1335.78
2748.57
4188.05
3975.86
3093.99
7295.69
6072.96
4126.45
6102.12
3822.11
8410.18
12895.01
1856.81
1839.69
2224.30
659.02
3380.47
5644.63
8884.48
6842.30
5756.78
7079.80
2158.44
7548.00
3081.66
7976.34
6567.87
10507.67
6705.33
9408.08
4064.10
6730.40
7747.03
2311.44
4292.77
3381.99
2083.65
3025.68
5077.08
4996.54
1271.46
2861.09
6896.43
7932.60
2284.56
3369.23
2603.33
3559.40
FFT OUTPUT end
FFT OUTPUT start
0.00
41503.29
2032.17
13580.17
2002.76
7848.58
1954.07
5295.60
1886.56
3812.89
1800.88
2830.20
1697.86
2134.25
1578.49
1633.83
1443.91
1291.14
1295.43
1092.32
1134.47
1022.26
962.59
1047.38
781.44
1125.21
592.76
1222.59
398.37
1319.77
200.15
1406.35
0.00
1477.13
200.15
1529.76
398.37
1563.43
592.76
1578.29
781.44
1575.12
962.59
1555.18
1134.47
1520.14
1295.43
1472.07
1443.91
1413.47
1578.49
1347.33
1697.86
1277.15
1800.88
1207.03
1886.56
1141.63
1954.07
1086.06
2002.76
1045.35
2032.17
1023.76
FFT OUTPUT end
FFT OUTPUT start
0.00
5766.96
4702.03
2669.82
5282.59
4877.64
7005.50
7681.01
7161.33
1645.09
3078.63
3017.32
4194.79
3525.08
7188.11
5139.62
2682.45
2858.96
3602.26
3051.74
7283.01
765.04
3036.43
6376.81
3854.50
2488.23
4547.28
6422.94
5329.00
1917.29
3454.50
8156.44
5693.31
3508.61
7209.93
1479.17
6954.90
8692.72
2245.70
6936.44
3254.74
4766.75
5076.16
1388.22
7728.20
1672.00
4388.02
3686.33
4485.91
1627.61
1462.54
4835.59
6021.96
7313.96
5697.09
6961.49
4181.76
7268.51
3185.02
6331.06
2349.03
2945.34
4176.90
1355.00
FFT OUTPUT end
FFT OUTPUT start
0.00
31144.83
5735.60
4588.95
9388.04
5388.72
4573.45
1181.67
1151.96
2608.34
4515.40
2193.46
4632.53
1907.27
4070.97
3265.47
3785.21
1949.17
2425.57
814.85
2605.76
3643.50
1737.74
3761.95
2471.05
2008.17
5064.04
5978.90
3533.28
4504.21
2951.86
2785.74
1827.63
3411.52
1319.27
5422.04
4849.41
675.96
3659.32
3929.03
4023.90
2825.63
4450.45
2388.44
970.88
651.76
3511.04
2692.49
2919.96
3807.34
4658.55
4759.30
3357.63
2752.76
3215.21
2009.89
3241.19
3763.48
2959.82
4768.05
4181.45
2207.15
10156.17
7205.92
FFT OUTPUT end