FFT OUTPUT start
0.00
1286.93
1047.55
1710.76
691.05
2364.61
1213.23
2103.16
1548.71
232.48
4754.07
1223.99
4312.98
1868.27
2199.60
168.61
3483.43
786.29
1319.69
2429.04
3514.95
1277.22
2120.80
5766.59
4801.13
6358.46
15592.58
5324.31
24985.26
19149.47
13752.40
6248.56
6406.15
2845.36
1733.05
1713.64
5097.38
1853.64
4490.96
1405.37
2892.41
1670.06
2651.82
774.18
1118.48
13286.04
2888.48
2095.25
3404.49
1140.58
1689.11
1801.87
2494.90
1284.38
1460.37
1806.40
659.35
2689.41
2369.38
189.01
1726.04
4392.40
818.07
1038.12
FFT OUTPUT end