FFT OUTPUT start
0.00
1436.37
1255.97
1831.04
732.95
1785.11
1811.22
1811.86
93.14
307.43
4402.44
1404.17
4181.42
1354.83
2187.97
1315.51
3508.01
3144.57
2246.62
1541.23
1658.81
2099.66
3888.07
4260.69
6670.36
1356.92
12278.76
11744.56
27852.50
15701.24
9359.37
7737.85
8579.56
2569.65
6215.41
3090.93
2746.74
527.85
2253.93
654.00
2418.06
1217.93
3594.76
2147.16
3310.69
13152.83
935.30
1821.09
2018.91
1138.89
2634.61
1625.61
2706.72
492.42
2227.01
3485.52
1191.83
625.44
315.72
1347.02
2023.70
2617.73
2008.48
2716.96
FFT OUTPUT end
FFT OUTPUT start
0.00
3153.01
1448.26
3198.37
1549.02
2581.75
2929.43
1399.37
677.53
1541.29
4713.54
1347.13
4796.07
1317.19
3241.45
1313.75
4775.65
1271.48
1281.52
890.81
2976.09
779.68
3050.18
807.15
3798.02
3533.63
5916.08
17293.98
32184.06
12446.56
3217.99
5267.36
2709.92
4996.69
2699.32
1286.51
1652.59
1718.30
2827.58
891.32
2343.77
504.10
981.73
1158.75
2770.44
12998.08
3076.76
1742.38
1885.76
186.99
2498.89
2221.24
1040.56
484.60
616.57
2762.26
2172.49
1734.71
1007.26
1189.81
1767.06
3252.44
2864.04
2197.49
FFT OUTPUT end
FFT OUTPUT start
0.00
1281.74
418.56
2083.87
996.60
703.27
2152.65
882.97
943.94
786.25
5132.70
1337.47
5370.87
810.78
1857.86
195.69
876.30
2753.84
3675.79
1328.15
1247.62
601.39
966.39
6015.97
5709.71
7546.81
12960.32
7083.86
25892.54
19051.57
13008.29
4563.22
8022.72
1725.80
3016.29
4311.18
4661.41
745.16
2918.32
3153.89
862.64
2585.11
3261.49
1431.25
4007.15
10934.03
2832.92
1757.76
336.13
867.44
1630.96
3237.56
161.96
381.31
590.73
2198.56
420.18
2933.56
1179.54
1989.98
1365.25
3970.45
1190.48
1895.90
FFT OUTPUT end