FFT OUTPUT start
0.00
8425.39
5621.23
2326.35
2875.41
2080.80
2608.09
2327.35
4640.61
4546.80
2876.35
3760.46
4101.76
4739.76
1971.17
2940.85
6649.46
3164.81
3625.02
2179.53
4227.28
3918.79
2584.42
2352.32
1666.19
4411.05
5257.40
13655.54
6803.05
6053.36
6358.77
9140.34
2180.79
2698.72
7011.49
3021.03
2770.56
13584.00
6950.72
5157.28
5985.95
4465.55
1564.77
10732.58
3817.34
7928.97
1127.78
6370.63
7102.21
2697.22
5511.37
2484.04
4160.50
4011.55
6797.34
1949.85
9516.37
2720.50
4067.60
1223.64
1460.07
2548.90
4958.23
4475.53
FFT OUTPUT end
FFT OUTPUT start
0.00
12601.55
4982.81
3706.38
2221.19
3071.63
3180.28
2921.81
3483.68
3068.58
3313.45
4873.19
2491.20
5051.11
5746.12
1598.26
3538.32
4241.88
383.68
2720.58
617.14
2271.24
6674.23
12650.00
6063.78
7060.31
5726.67
3989.09
3077.64
4388.31
2163.59
2685.39
2484.29
5465.09
4610.69
3844.20
3396.90
4992.25
5063.56
3066.45
3567.60
5611.86
5541.49
7401.41
2131.13
6599.84
7437.27
8999.96
1365.61
2269.93
5067.27
7616.25
7910.21
7691.70
6134.96
3649.83
9148.49
8531.34
10928.27
7550.83
8863.52
5834.77
2069.15
2212.17
FFT OUTPUT end
FFT OUTPUT start
0.00
7504.46
1155.05
7730.22
8755.89
7445.15
7450.90
4776.11
4710.11
4815.13
9613.64
538.85
863.39
7433.38
2736.00
711.17
3595.88
2438.23
3287.24
1472.54
5360.29
1169.74
6207.73
12014.01
4666.21
395.69
5755.88
4919.63
1936.97
650.56
3095.04
4860.09
990.65
2469.67
4423.19
1305.24
3515.79
5353.47
2202.07
7250.56
8322.97
896.21
5249.25
5700.03
5585.39
8900.37
4026.64
8947.83
3745.94
5183.75
1651.19
7753.12
8313.84
5124.84
10877.08
5496.84
6600.48
7861.03
6584.84
3539.46
8174.81
3392.51
5599.92
3801.90
FFT OUTPUT end
FFT OUTPUT start
0.00
5076.86
5560.47
6218.68
1062.28
1706.50
7128.00
5258.04
1581.83
6415.57
4446.26
4141.37
4099.19
2870.02
1137.59
5708.39
2592.31
187.05
4273.80
3184.18
2078.45
868.57
1311.82
4512.24
6691.68
12925.10
4372.36
3451.72
2067.57
1942.88
3935.25
4763.76
1801.85
5280.81
2134.80
2467.64
8981.54
3024.86
3076.74
250.13
1878.74
8737.50
2218.15
3363.11
4763.42
11929.43
4453.04
1491.33
6706.12
6094.28
7752.82
3412.25
9244.02
3976.65
5966.39
2138.63
3487.81
4394.06
6071.97
10097.08
8734.32
11712.55
9523.26
1923.89
FFT OUTPUT end
FFT OUTPUT start
0.00
11169.53
522.04
6018.53
2692.33
4644.81
5754.92
4300.03
6753.63
2633.50
6817.17
3957.43
2589.82
3766.64
5676.74
4321.78
2095.47
2130.22
2718.37
4695.84
3196.25
1236.05
3756.58
13077.26
4981.81
7037.98
6364.42
1921.04
1929.45
3335.32
1259.71
1281.38
3270.52
4381.39
2109.93
722.30
3293.84
4503.54
2880.10
5730.33
2678.09
1342.39
488.36
3434.09
4129.09
3094.50
6973.24
8841.58
2786.89
6837.19
7791.68
3846.83
12148.60
6477.81
1817.43
3501.59
4335.87
9372.90
5637.53
9743.03
4784.65
8338.20
9194.20
5951.45
FFT OUTPUT end
FFT OUTPUT start
0.00
2068.97
4000.67
9418.85
8356.44
6413.95
4252.41
4830.01
3620.74
7098.78
4202.04
1405.08
1057.55
4116.58
7379.92
1432.00
5496.15
4507.60
1016.88
8205.26
10522.92
4165.13
4989.92
13064.72
11549.32
4254.63
2016.06
6204.48
2592.77
3332.20
3032.85
4478.44
2162.77
2073.66
7415.15
5977.00
2824.19
6113.02
3700.08
3827.25
4802.50
3234.22
5531.95
3823.53
2325.40
2951.04
5679.45
6555.73
1283.32
3388.53
1607.54
4263.50
11671.08
10668.47
3736.25
4703.65
1547.92
6482.13
5612.70
8166.23
4892.46
1629.36
2940.57
5226.40
FFT OUTPUT end
FFT OUTPUT start
0.00
1831.07
8815.22
9103.82
8744.79
3241.02
9273.06
7753.71
4407.56
3971.88
6617.54
6682.58
6167.99
9586.60
5504.29
2018.29
4082.02
4951.75
2261.58
2384.52
3144.20
3503.79
1985.16
4885.55
7072.96
4207.87
10063.00
5176.82
6401.98
848.26
3860.36
4728.13
5741.26
2148.74
6724.96
4812.14
2811.66
3078.35
4791.77
1200.34
5404.46
6527.35
3487.47
6425.64
3111.68
4696.70
4043.31
3754.22
4904.27
2907.26
3902.80
749.45
4467.50
6009.21
2032.13
429.19
1910.43
2419.94
3351.97
5679.57
6168.06
2099.15
4558.78
9143.94
FFT OUTPUT end
FFT OUTPUT start
0.00
10708.51
11129.54
10208.68
4803.55
5395.52
5487.84
9565.76
2833.39
906.44
4010.69
2019.03
5684.52
11681.30
2502.90
5077.31
7165.54
3093.65
2445.96
4464.15
2850.12
1703.59
3636.67
2734.13
2511.09
1574.70
11864.91
741.90
2416.11
5767.00
868.94
3217.86
2497.38
1499.45
4117.31
5743.00
4856.89
2174.68
4452.10
1014.71
3298.77
3620.88
3139.38
5108.56
2496.33
5097.42
3999.02
3365.44
3595.96
8664.43
1999.22
6500.38
2453.19
4442.55
2623.11
1350.82
3817.23
8717.35
7016.74
6504.84
3168.27
2635.75
4217.77
6652.25
FFT OUTPUT end
FFT OUTPUT start
0.00
6837.52
11364.52
2480.05
8296.85
5370.48
10334.73
7242.55
3677.91
4377.11
6362.72
5035.70
1084.93
12108.11
4054.35
2505.78
7988.50
6867.80
7443.97
7470.00
1930.79
2497.71
3905.97
5815.53
2040.85
1134.36
3966.79
4297.86
2899.96
1762.48
2224.98
6215.35
12315.28
2332.89
4133.30
6463.48
6250.94
8253.14
1757.03
3039.45
2121.90
6392.65
3242.85
2698.44
3813.83
3284.73
4884.87
3645.11
5073.72
697.09
2099.05
5017.62
6628.00
2652.99
4594.63
3580.71
1766.99
3118.20
2468.60
3081.99
2954.15
2181.35
3403.46
3766.03
FFT OUTPUT end
FFT OUTPUT start
0.00
8880.77
7575.25
9479.74
9376.75
10265.42
6302.48
5359.67
3894.94
3647.14
9169.70
667.22
4008.80
9978.15
7253.31
2875.50
3383.05
2984.09
2848.62
4501.22
2659.66
2958.00
3377.13
4329.46
2243.41
5072.55
2545.58
4908.20
2701.40
4987.05
5692.41
3500.03
11851.92
6367.00
2250.68
5370.31
7765.91
6794.65
1184.86
3510.62
2363.41
2462.44
5246.01
3754.11
2510.93
3149.36
4015.88
3064.33
4911.46
1228.95
1978.30
1359.57
4714.62
7425.02
3997.36
1778.47
2081.77
9332.30
8270.77
1213.74
7714.36
1603.52
6676.97
8546.35
FFT OUTPUT end
FFT OUTPUT start
0.00
7709.24
6215.13
7222.68
7162.87
7235.84
6251.77
5908.26
3565.29
6784.63
7940.13
3137.74
8252.93
5929.13
4027.50
4140.00
1441.37
1818.44
3575.52
7412.45
6560.95
9318.01
1207.26
7024.70
5583.76
4100.32
8483.46
9858.87
5631.91
6841.72
4321.46
166.81
2684.44
1314.02
4744.42
7604.61
6158.69
5154.90
4351.16
1352.12
5187.24
1878.02
4525.75
2019.54
5984.07
317.52
729.78
2671.24
3364.97
5550.86
443.64
1689.13
1320.89
5016.35
2745.85
2600.37
3042.23
4797.56
4988.55
4788.47
3867.85
8816.22
5792.05
2199.38
FFT OUTPUT end
FFT OUTPUT start
0.00
8362.09
4474.79
11168.49
6132.85
3394.62
6731.19
3816.80
2827.81
4226.16
7075.25
2636.01
4341.85
4179.17
2793.50
2464.84
4121.42
3139.82
1108.79
6714.68
6068.63
3350.45
7198.47
11310.16
9655.59
2596.88
7877.74
3260.95
3033.22
6346.07
2398.43
1946.91
226.02
2442.43
5180.33
5219.16
4635.12
837.23
7059.69
3670.22
2477.11
3044.56
3089.37
9714.01
2167.34
4866.26
10990.57
6236.34
4176.19
3265.89
9252.11
8212.27
3938.82
2788.54
4581.64
5580.45
2424.99
3650.23
8837.48
2325.65
6097.14
1494.19
7030.92
5588.15
FFT OUTPUT end
