0.00
0.03
0.04
0.03
0.03
0.05
0.05
0.09
0.04
0.03
0.14
0.10
0.12
0.01
0.04
0.01
0.03
0.05
0.05
0.02
0.03
0.07
0.09
0.04
0.05
0.13
0.13
0.48
1.00
0.29
0.10
0.11
0.06
0.04
0.02
0.08
0.04
0.04
0.08
0.03
0.03
0.03
0.01
0.08
0.01
0.36
0.03
0.03
0.03
0.02
0.08
0.03
0.05
0.02
0.03
0.06
0.07
0.05
0.06
0.05
0.09
0.04
0.06
0.10
0.09
0.04
0.06
0.10
0.04
0.05
0.06
0.06
0.06
0.07
0.10
0.11
0.09
0.05
0.03
0.03
0.03
0.04
0.04
0.04
0.04
0.06
0.07
0.06
0.08
0.13
0.26
0.49
0.60
0.42
0.20
0.10
0.07
0.05
0.04
0.05
0.05
0.05
0.05
0.04
0.03
0.03
0.03
0.06
0.11
0.16
0.11
0.05
0.03
0.04
0.05
0.05
0.04
0.03
0.04
0.05
0.06
0.06
0.06
0.06
0.00
0.00
0.00
0.00