0.02
0.17
0.06
0.05
0.05
0.06
0.07
0.07
0.06
0.09
0.11
0.11
0.12
0.10
0.08
0.06
0.06
0.07
0.09
0.10
0.11
0.13
0.15
0.19
0.22
0.26
0.38
0.55
0.67
0.58
0.39
0.27
0.20
0.14
0.10
0.08
0.07
0.09
0.10
0.08
0.05
0.04
0.05
0.09
0.16
0.20
0.13
0.06
0.04
0.04
0.05
0.07
0.06
0.05
0.06
0.07
0.06
0.07
0.08
0.08
0.00
0.00
0.00
0.00
0.08
0.15
0.07
0.06
0.07
0.08
0.08
0.07
0.06
0.09
0.12
0.12
0.12
0.10
0.09
0.10
0.09
0.08
0.07
0.06
0.08
0.11
0.15
0.19
0.24
0.30
0.42
0.57
0.71
0.65
0.47
0.33
0.26
0.20
0.15
0.12
0.11
0.13
0.12
0.09
0.07
0.06
0.06
0.11
0.19
0.23
0.14
0.07
0.06
0.05
0.04
0.04
0.03
0.03
0.05
0.06
0.05
0.04
0.04
0.05
0.00
0.00
0.00
0.00
0.05
0.07
0.08
0.12
0.12
0.11
0.13
0.12
0.10
0.11
0.12
0.11
0.11
0.10
0.08
0.08
0.09
0.08
0.06
0.06
0.07
0.07
0.07
0.09
0.12
0.17
0.31
0.54
0.66
0.49
0.26
0.16
0.13
0.12
0.10
0.09
0.08
0.08
0.08
0.06
0.05
0.05
0.06
0.09
0.17
0.22
0.15
0.08
0.05
0.04
0.05
0.06
0.06
0.05
0.06
0.06
0.04
0.02
0.01
0.03
0.00
0.00
0.00
0.00
0.05
0.12
0.07
0.09
0.09
0.09
0.10
0.09
0.08
0.10
0.11
0.11
0.11
0.10
0.08
0.08
0.08
0.08
0.07
0.07
0.08
0.09
0.11
0.14
0.17
0.23
0.36
0.55
0.67
0.55
0.34
0.23
0.18
0.14
0.11
0.09
0.09
0.09
0.09
0.07
0.06
0.05
0.06
0.09
0.17
0.22
0.14
0.07
0.05
0.04
0.05
0.06
0.05
0.05
0.06
0.06
0.05
0.04
0.04
0.05
0.00
0.00
0.00
0.00